const panoramaResults = [{"id": "view_0", "stitched_image": "./results/panorama_0_stitched.jpg", "image_width": 10251, "image_height": 5124, "links": [{"point": [2874.440185546875, 2514.83935546875], "label": "View 2", "id": "view_1"}]}, {"id": "view_1", "stitched_image": "./results/panorama_1_stitched.jpg", "image_width": 10323, "image_height": 5161, "links": [{"point": [5414.26416015625, 2217.1435546875], "label": "View 1", "id": "view_0"}]}];
const cameraLocations = [{"id": "camera_0", "image": "./images/00.jpg", "location": [-0.13645039746855445, -0.10598361829554488, -0.054157567150437416], "R": [[0.9982255095434531, 0.038801219517077386, 0.045169651987822086], [-0.03913441908545325, 0.999212712731948, 0.006515516687537264], [-0.044881280502649425, -0.008271643056191248, 0.9989580824947528]], "t": [0.1427668396398464, 0.10091313623585274, 0.04710041220935322], "K": [[1473.3333333333333, 0.0, 2040.0], [0.0, 1657.5, 1530.0], [0.0, 0.0, 1.0]]}, {"id": "camera_1", "image": "./images/11.jpg", "location": [-0.9033069530538151, -0.18276285570756312, 0.38195760622984587], "R": [[0.8164862526753519, 0.07771997115686662, -0.5721099590773938], [-0.11687017345690424, 0.9926333392637945, -0.03194395620711009], [0.5654127357500135, 0.09294439125296627, 0.8195546219662854]], "t": [0.9702637834580944, 0.0880481005125372, 0.2146929163347111], "K": [[1473.3333333333333, 0.0, 2040.0], [0.0, 1657.5, 1530.0], [0.0, 0.0, 1.0]]}, {"id": "camera_2", "image": "./images/12.jpg", "location": [-1.1854095094616708, -0.20495380556288173, 0.5880497733145198], "R": [[0.6845639827091161, 0.08218854956031477, -0.7243046292124637], [-0.1396161385533303, 0.990011369997391, -0.019616858345471097], [0.7154575371277392, 0.11455361014416214, 0.6892009742956325]], "t": [1.2542606839634678, 0.04893998861924885, 0.4663038897645682], "K": [[1473.3333333333333, 0.0, 2040.0], [0.0, 1657.5, 1530.0], [0.0, 0.0, 1.0]]}, {"id": "camera_3", "image": "./images/13.jpg", "location": [-1.3966223739301598, -0.2137315025565668, 0.7908744716278625], "R": [[0.40315907491645014, 0.10939305970207545, -0.9085680595318822], [-0.1616021763494394, 0.9857372552861446, 0.04697659140531834], [0.9007482983118184, 0.127887536648243, 0.4150870764772224]], "t": [1.3050050113209148, -0.052166697373699764, 0.9570570497794132], "K": [[1473.3333333333333, 0.0, 2040.0], [0.0, 1657.5, 1530.0], [0.0, 0.0, 1.0]]}, {"id": "camera_4", "image": "./images/14.jpg", "location": [-1.919707528641596, -0.26404538264667987, 1.1955898200804953], "R": [[0.24261673633941142, 0.1130178758173657, -0.9635165172397113], [-0.17265951576207014, 0.9823646353204041, 0.07175245562778107], [0.9546338622031065, 0.14895194868661418, 0.2578517134277767]], "t": [1.6475655630825445, -0.15785343178266872, 1.5636630029898708], "K": [[1473.3333333333333, 0.0, 2040.0], [0.0, 1657.5, 1530.0], [0.0, 0.0, 1.0]]}, {"id": "camera_5", "image": "./images/15.jpg", "location": [-1.7440359248124127, -0.2583093462355837, 1.5303357132193462], "R": [[-0.045764115256752294, 0.1551967617609838, -0.9868229886325467], [-0.1713656467725319, 0.9719945336793177, 0.16081182047274387], [0.9841440244501812, 0.17646697038378203, -0.017887076412059947]], "t": [1.4704449751235622, -0.2938886436880021, 1.7893388334210483], "K": [[1473.3333333333333, 0.0, 2040.0], [0.0, 1657.5, 1530.0], [0.0, 0.0, 1.0]]}, {"id": "camera_6", "image": "./images/16.jpg", "location": [-1.5711248928319832, -0.27510810967825994, 1.8377547303143973], "R": [[-0.144859376643549, 0.12542857745854968, -0.981470036707778], [-0.17171835274728675, 0.9736934513485204, 0.14977940489521874], [0.9744375651257504, 0.19023336920144185, -0.11951023769563476]], "t": [1.6106154488610152, -0.277177823600637, 1.802928362324539], "K": [[1473.3333333333333, 0.0, 2040.0], [0.0, 1657.5, 1530.0], [0.0, 0.0, 1.0]]}, {"id": "camera_7", "image": "./images/17.jpg", "location": [-1.247878685027144, -0.27457017524824023, 2.15625190460094], "R": [[-0.54851894952636, 0.1256773778350488, -0.8266390740286867], [-0.12801013227519842, 0.9643622335580635, 0.23155752745654498], [0.8262810466453799, 0.23283186892564509, -0.5128829815534988]], "t": [1.1324642320013976, -0.3942523676657632, 2.2009320988171193], "K": [[1473.3333333333333, 0.0, 2040.0], [0.0, 1657.5, 1530.0], [0.0, 0.0, 1.0]]}, {"id": "camera_8", "image": "./images/18.jpg", "location": [-1.139759449148041, -0.31336904695877466, 2.4170895228046763], "R": [[-0.9234585290418983, 0.06456925122980979, -0.3782263303042175], [-0.06285766727113247, 0.9469639716109365, 0.31513195670396993], [0.37851454239567195, 0.3147857180153872, -0.87042328376976]], "t": [-0.11807967942394217, -0.5365955737857641, 2.633950626391258], "K": [[1473.3333333333333, 0.0, 2040.0], [0.0, 1657.5, 1530.0], [0.0, 0.0, 1.0]]}, {"id": "camera_9", "image": "./images/19.jpg", "location": [-1.135162345922027, -0.3773240342715571, 2.7766488501345035], "R": [[-0.9992832512095164, 0.0024081695487221094, -0.03777809645235061], [-0.008110708141720525, 0.9611779731983545, 0.2758099350127625], [0.03697567126609505, 0.2759186556899136, -0.9604695180882591]], "t": [-1.0285435513595615, -0.41235875888994183, 2.81297071302117], "K": [[1473.3333333333333, 0.0, 2040.0], [0.0, 1657.5, 1530.0], [0.0, 0.0, 1.0]]}, {"id": "camera_10", "image": "./images/20.jpg", "location": [-0.8986858544611742, -0.40801769507040503, 2.995924257198536], "R": [[-0.9963930151681107, 0.019669702322527807, 0.08254733269309383], [0.04440889844912278, 0.9497898879204221, 0.3097208719841909], [-0.0723105045117006, 0.31226954961163794, -0.9472375200141769]], "t": [-1.134724277993418, -0.5004595436192215, 2.9002789378786535], "K": [[1473.3333333333333, 0.0, 2040.0], [0.0, 1657.5, 1530.0], [0.0, 0.0, 1.0]]}, {"id": "camera_11", "image": "./images/21.jpg", "location": [-0.4223795311075649, -0.29709454655713396, 2.787256563918123], "R": [[-0.8868674384748365, 0.05608010443956889, -0.4586078591336275], [-0.09970844415562165, 0.9459851316138401, 0.3084969317993463], [0.4511367561362601, 0.3193229597939871, -0.8333717505478935]], "t": [0.9203242060164234, -0.6209278802696414, 2.6082409233660506], "K": [[1473.3333333333333, 0.0, 2040.0], [0.0, 1657.5, 1530.0], [0.0, 0.0, 1.0]]}];
