const panoramaResults = [{"id": "view_0", "stitched_image": "./results/panorama_0_stitched.jpg", "image_width": 10251, "image_height": 5124, "links": [{"point": [2874.440185546875, 2514.83935546875], "label": "View 2", "id": "view_1"}]}, {"id": "view_1", "stitched_image": "./results/panorama_1_stitched.jpg", "image_width": 10323, "image_height": 5161, "links": [{"point": [5414.26416015625, 2217.1435546875], "label": "View 1", "id": "view_0"}]}];
const cameraLocations = [{"id": "camera_0", "image": "./images/00.jpg", "location": [-0.13645039746855445, -0.10598361829554488, -0.054157567150437416], "R": [[0.9982255095434531, 0.038801219517077386, 0.045169651987822086], [-0.03913441908545325, 0.999212712731948, 0.006515516687537264], [-0.044881280502649425, -0.008271643056191248, 0.9989580824947528]], "t": [[0.1427668396398464], [0.10091313623585274], [0.04710041220935322]], "K": [[1473.3333333333333, 0.0, 2040.0], [0.0, 1657.5, 1530.0], [0.0, 0.0, 1.0]], "width": 4080, "height": 3060, "other_cameras": [{"id": "camera_0", "visible": true, "pixel_location": [2040.0, 1530.0]}, {"id": "camera_1", "visible": false}, {"id": "camera_2", "visible": false}, {"id": "camera_3", "visible": true, "pixel_location": [39.91168951553846, 1432.8570423176177]}, {"id": "camera_4", "visible": true, "pixel_location": [123.5019033876068, 1430.2750483416248]}, {"id": "camera_5", "visible": true, "pixel_location": [670.9055914215263, 1450.97045024995]}, {"id": "camera_6", "visible": true, "pixel_location": [1020.5522446937337, 1444.808840673072]}, {"id": "camera_7", "visible": true, "pixel_location": [1377.3706789885657, 1448.8947470979674]}, {"id": "camera_8", "visible": true, "pixel_location": [1514.051576269667, 1429.9360425501502]}, {"id": "camera_9", "visible": true, "pixel_location": [1589.224296902499, 1406.8525363055428]}, {"id": "camera_10", "visible": true, "pixel_location": [1736.681155767687, 1394.4948158534946]}, {"id": "camera_11", "visible": true, "pixel_location": [1955.0501422043312, 1436.3102805578667]}]}, {"id": "camera_1", "image": "./images/11.jpg", "location": [-0.9033069530538151, -0.18276285570756312, 0.38195760622984587], "R": [[0.8164862526753519, 0.07771997115686662, -0.5721099590773938], [-0.11687017345690424, 0.9926333392637945, -0.03194395620711009], [0.5654127357500135, 0.09294439125296627, 0.8195546219662854]], "t": [[0.9702637834580944], [0.0880481005125372], [0.2146929163347111]], "K": [[1473.3333333333333, 0.0, 2040.0], [0.0, 1657.5, 1530.0], [0.0, 0.0, 1.0]], "width": 4080, "height": 3060, "other_cameras": [{"id": "camera_0", "visible": false}, {"id": "camera_1", "visible": false}, {"id": "camera_2", "visible": false}, {"id": "camera_3", "visible": false}, {"id": "camera_4", "visible": false}, {"id": "camera_5", "visible": false}, {"id": "camera_6", "visible": false}, {"id": "camera_7", "visible": true, "pixel_location": [504.4810501350082, 1387.4916273791036]}, {"id": "camera_8", "visible": true, "pixel_location": [716.2576237795784, 1348.1189261947707]}, {"id": "camera_9", "visible": true, "pixel_location": [760.8046095384959, 1308.323812289441]}, {"id": "camera_10", "visible": true, "pixel_location": [993.1044895049639, 1289.9270269538065]}, {"id": "camera_11", "visible": true, "pixel_location": [1385.1472813892763, 1346.97148673974]}]}, {"id": "camera_2", "image": "./images/12.jpg", "location": [-1.1854095094616708, -0.20495380556288173, 0.5880497733145198], "R": [[0.6845639827091161, 0.08218854956031477, -0.7243046292124637], [-0.1396161385533303, 0.990011369997391, -0.019616858345471097], [0.7154575371277392, 0.11455361014416214, 0.6892009742956325]], "t": [[1.2542606839634678], [0.04893998861924885], [0.4663038897645682]], "K": [[1473.3333333333333, 0.0, 2040.0], [0.0, 1657.5, 1530.0], [0.0, 0.0, 1.0]], "width": 4080, "height": 3060, "other_cameras": [{"id": "camera_0", "visible": false}, {"id": "camera_1", "visible": false}, {"id": "camera_2", "visible": false}, {"id": "camera_3", "visible": false}, {"id": "camera_4", "visible": false}, {"id": "camera_5", "visible": false}, {"id": "camera_6", "visible": false}, {"id": "camera_7", "visible": true, "pixel_location": [342.8240679695051, 1383.3558820475796]}, {"id": "camera_8", "visible": true, "pixel_location": [541.7915475929366, 1336.421651636927]}, {"id": "camera_9", "visible": true, "pixel_location": [527.6314440720803, 1290.1714317609817]}, {"id": "camera_10", "visible": true, "pixel_location": [788.2546868111816, 1270.4889312172784]}, {"id": "camera_11", "visible": true, "pixel_location": [1265.5508325895148, 1335.3293028679334]}]}, {"id": "camera_3", "image": "./images/13.jpg", "location": [-1.3966223739301598, -0.2137315025565668, 0.7908744716278625], "R": [[0.40315907491645014, 0.10939305970207545, -0.9085680595318822], [-0.1616021763494394, 0.9857372552861446, 0.04697659140531834], [0.9007482983118184, 0.127887536648243, 0.4150870764772224]], "t": [[1.3050050113209148], [-0.052166697373699764], [0.9570570497794132]], "K": [[1473.3333333333333, 0.0, 2040.0], [0.0, 1657.5, 1530.0], [0.0, 0.0, 1.0]], "width": 4080, "height": 3060, "other_cameras": [{"id": "camera_0", "visible": false}, {"id": "camera_1", "visible": false}, {"id": "camera_2", "visible": false}, {"id": "camera_3", "visible": false}, {"id": "camera_4", "visible": false}, {"id": "camera_5", "visible": false}, {"id": "camera_6", "visible": false}, {"id": "camera_7", "visible": false}, {"id": "camera_8", "visible": false}, {"id": "camera_9", "visible": false}, {"id": "camera_10", "visible": true, "pixel_location": [33.00620124235938, 1321.540558528346]}, {"id": "camera_11", "visible": true, "pixel_location": [797.2523953020651, 1387.4427501791793]}]}, {"id": "camera_4", "image": "./images/14.jpg", "location": [-1.919707528641596, -0.26404538264667987, 1.1955898200804953], "R": [[0.24261673633941142, 0.1130178758173657, -0.9635165172397113], [-0.17265951576207014, 0.9823646353204041, 0.07175245562778107], [0.9546338622031065, 0.14895194868661418, 0.2578517134277767]], "t": [[1.6475655630825445], [-0.15785343178266872], [1.5636630029898708]], "K": [[1473.3333333333333, 0.0, 2040.0], [0.0, 1657.5, 1530.0], [0.0, 0.0, 1.0]], "width": 4080, "height": 3060, "other_cameras": [{"id": "camera_0", "visible": true, "pixel_location": [3776.8066923443503, 1243.8869494491994]}, {"id": "camera_1", "visible": true, "pixel_location": [4022.742653402455, 1199.5683133498944]}, {"id": "camera_2", "visible": false}, {"id": "camera_3", "visible": true, "pixel_location": [3952.7896954190096, 1242.0288006464073]}, {"id": "camera_4", "visible": true, "pixel_location": [2776.6666666666665, 1219.21875]}, {"id": "camera_5", "visible": true, "pixel_location": [425.6593344406571, 1525.5930182576913]}, {"id": "camera_6", "visible": true, "pixel_location": [451.84285627548974, 1446.6524250356724]}, {"id": "camera_7", "visible": true, "pixel_location": [771.9972171993039, 1422.7853737146902]}, {"id": "camera_8", "visible": true, "pixel_location": [649.1458229453262, 1379.6007789846374]}, {"id": "camera_9", "visible": true, "pixel_location": [300.27809357821303, 1336.154738368928]}, {"id": "camera_10", "visible": true, "pixel_location": [477.55814035047365, 1309.5295097431242]}, {"id": "camera_11", "visible": true, "pixel_location": [1097.2873989095526, 1370.30304958209]}]}, {"id": "camera_5", "image": "./images/15.jpg", "location": [-1.7440359248124127, -0.2583093462355837, 1.5303357132193462], "R": [[-0.045764115256752294, 0.1551967617609838, -0.9868229886325467], [-0.1713656467725319, 0.9719945336793177, 0.16081182047274387], [0.9841440244501812, 0.17646697038378203, -0.017887076412059947]], "t": [[1.4704449751235622], [-0.2938886436880021], [1.7893388334210483]], "K": [[1473.3333333333333, 0.0, 2040.0], [0.0, 1657.5, 1530.0], [0.0, 0.0, 1.0]], "width": 4080, "height": 3060, "other_cameras": [{"id": "camera_0", "visible": true, "pixel_location": [3402.082754040552, 1143.0581469076724]}, {"id": "camera_1", "visible": true, "pixel_location": [3932.8262981069806, 1038.652831278685]}, {"id": "camera_2", "visible": false}, {"id": "camera_3", "visible": false}, {"id": "camera_4", "visible": false}, {"id": "camera_5", "visible": false}, {"id": "camera_6", "visible": false}, {"id": "camera_7", "visible": true, "pixel_location": [42.62793657090608, 1529.3882705404249]}, {"id": "camera_8", "visible": false}, {"id": "camera_9", "visible": false}, {"id": "camera_10", "visible": false}, {"id": "camera_11", "visible": true, "pixel_location": [525.5403261739739, 1449.0947593822493]}]}, {"id": "camera_6", "image": "./images/16.jpg", "location": [-1.5711248928319832, -0.27510810967825994, 1.8377547303143973], "R": [[-0.144859376643549, 0.12542857745854968, -0.981470036707778], [-0.17171835274728675, 0.9736934513485204, 0.14977940489521874], [0.9744375651257504, 0.19023336920144185, -0.11951023769563476]], "t": [[1.6106154488610152], [-0.277177823600637], [1.802928362324539]], "K": [[1473.3333333333333, 0.0, 2040.0], [0.0, 1657.5, 1530.0], [0.0, 0.0, 1.0]], "width": 4080, "height": 3060, "other_cameras": [{"id": "camera_0", "visible": true, "pixel_location": [3525.7562716045927, 1164.676354539419]}, {"id": "camera_1", "visible": false}, {"id": "camera_2", "visible": false}, {"id": "camera_3", "visible": false}, {"id": "camera_4", "visible": false}, {"id": "camera_5", "visible": false}, {"id": "camera_6", "visible": false}, {"id": "camera_7", "visible": true, "pixel_location": [128.7899447970348, 1486.4464635940487]}, {"id": "camera_8", "visible": false}, {"id": "camera_9", "visible": false}, {"id": "camera_10", "visible": false}, {"id": "camera_11", "visible": true, "pixel_location": [420.54426355072343, 1403.497282923732]}]}, {"id": "camera_7", "image": "./images/17.jpg", "location": [-1.247878685027144, -0.27457017524824023, 2.15625190460094], "R": [[-0.54851894952636, 0.1256773778350488, -0.8266390740286867], [-0.12801013227519842, 0.9643622335580635, 0.23155752745654498], [0.8262810466453799, 0.23283186892564509, -0.5128829815534988]], "t": [[1.1324642320013976], [-0.3942523676657632], [2.2009320988171193]], "K": [[1473.3333333333333, 0.0, 2040.0], [0.0, 1657.5, 1530.0], [0.0, 0.0, 1.0]], "width": 4080, "height": 3060, "other_cameras": [{"id": "camera_0", "visible": true, "pixel_location": [2912.7189283632442, 1140.4238164909939]}, {"id": "camera_1", "visible": true, "pixel_location": [3601.945613689629, 1030.5745242443243]}, {"id": "camera_2", "visible": false}, {"id": "camera_3", "visible": false}, {"id": "camera_4", "visible": false}, {"id": "camera_5", "visible": false}, {"id": "camera_6", "visible": false}, {"id": "camera_7", "visible": false}, {"id": "camera_8", "visible": false}, {"id": "camera_9", "visible": false}, {"id": "camera_10", "visible": false}, {"id": "camera_11", "visible": false}]}, {"id": "camera_8", "image": "./images/18.jpg", "location": [-1.139759449148041, -0.31336904695877466, 2.4170895228046763], "R": [[-0.9234585290418983, 0.06456925122980979, -0.3782263303042175], [-0.06285766727113247, 0.9469639716109365, 0.31513195670396993], [0.37851454239567195, 0.3147857180153872, -0.87042328376976]], "t": [[-0.11807967942394217], [-0.5365955737857641], [2.633950626391258]], "K": [[1473.3333333333333, 0.0, 2040.0], [0.0, 1657.5, 1530.0], [0.0, 0.0, 1.0]], "width": 4080, "height": 3060, "other_cameras": [{"id": "camera_0", "visible": true, "pixel_location": [2052.2398324093383, 1117.905551902527]}, {"id": "camera_1", "visible": true, "pixel_location": [2473.6401185672976, 1065.9458094951742]}, {"id": "camera_2", "visible": true, "pixel_location": [2718.520083725823, 1044.9189551523693]}, {"id": "camera_3", "visible": true, "pixel_location": [2977.4179109241895, 1036.3320421269245]}, {"id": "camera_4", "visible": false}, {"id": "camera_5", "visible": false}, {"id": "camera_6", "visible": false}, {"id": "camera_7", "visible": true, "pixel_location": [3533.2182162738804, 1206.8953229655522]}, {"id": "camera_8", "visible": true, "pixel_location": [1533.5416666666667, 1530.0]}, {"id": "camera_9", "visible": false}, {"id": "camera_10", "visible": false}, {"id": "camera_11", "visible": false}]}, {"id": "camera_9", "image": "./images/19.jpg", "location": [-1.135162345922027, -0.3773240342715571, 2.7766488501345035], "R": [[-0.9992832512095164, 0.0024081695487221094, -0.03777809645235061], [-0.008110708141720525, 0.9611779731983545, 0.2758099350127625], [0.03697567126609505, 0.2759186556899136, -0.9604695180882591]], "t": [[-1.0285435513595615], [-0.41235875888994183], [2.81297071302117]], "K": [[1473.3333333333333, 0.0, 2040.0], [0.0, 1657.5, 1530.0], [0.0, 0.0, 1.0]], "width": 4080, "height": 3060, "other_cameras": [{"id": "camera_0", "visible": true, "pixel_location": [1576.561034133552, 1220.7983944398813]}, {"id": "camera_1", "visible": true, "pixel_location": [1952.2132390337529, 1196.4684201673042]}, {"id": "camera_2", "visible": true, "pixel_location": [2131.4459183855633, 1192.3305392092764]}, {"id": "camera_3", "visible": true, "pixel_location": [2295.334295425152, 1198.6835416327328]}, {"id": "camera_4", "visible": true, "pixel_location": [2857.6398775390376, 1180.3354627256538]}, {"id": "camera_5", "visible": true, "pixel_location": [2840.2699829771045, 1221.9220240137702]}, {"id": "camera_6", "visible": true, "pixel_location": [2799.938243884019, 1244.9311778034744]}, {"id": "camera_7", "visible": true, "pixel_location": [2363.914796640102, 1339.050118476424]}, {"id": "camera_8", "visible": true, "pixel_location": [2114.438947106112, 1357.9529485033588]}, {"id": "camera_9", "visible": false}, {"id": "camera_10", "visible": false}, {"id": "camera_11", "visible": false}]}, {"id": "camera_10", "image": "./images/20.jpg", "location": [-0.8986858544611742, -0.40801769507040503, 2.995924257198536], "R": [[-0.9963930151681107, 0.019669702322527807, 0.08254733269309383], [0.04440889844912278, 0.9497898879204221, 0.3097208719841909], [-0.0723105045117006, 0.31226954961163794, -0.9472375200141769]], "t": [[-1.134724277993418], [-0.5004595436192215], [2.9002789378786535]], "K": [[1473.3333333333333, 0.0, 2040.0], [0.0, 1657.5, 1530.0], [0.0, 0.0, 1.0]], "width": 4080, "height": 3060, "other_cameras": [{"id": "camera_0", "visible": true, "pixel_location": [1534.195305407539, 1176.8299982839048]}, {"id": "camera_1", "visible": true, "pixel_location": [1920.3959664764434, 1142.1921146048173]}, {"id": "camera_2", "visible": true, "pixel_location": [2096.641462606518, 1133.5732863034575]}, {"id": "camera_3", "visible": true, "pixel_location": [2254.348440846599, 1135.203372738787]}, {"id": "camera_4", "visible": true, "pixel_location": [2743.948297045571, 1106.386855526669]}, {"id": "camera_5", "visible": true, "pixel_location": [2753.2259269068577, 1143.0570122094944]}, {"id": "camera_6", "visible": true, "pixel_location": [2756.1018978946668, 1163.7393280799133]}, {"id": "camera_7", "visible": true, "pixel_location": [2520.54343197493, 1243.9293788690552]}, {"id": "camera_8", "visible": true, "pixel_location": [2520.8574915885342, 1251.319189629734]}, {"id": "camera_9", "visible": true, "pixel_location": [3411.10301530877, 1181.6327027104353]}, {"id": "camera_10", "visible": false}, {"id": "camera_11", "visible": false}]}, {"id": "camera_11", "image": "./images/21.jpg", "location": [-0.4223795311075649, -0.29709454655713396, 2.787256563918123], "R": [[-0.8868674384748365, 0.05608010443956889, -0.4586078591336275], [-0.09970844415562165, 0.9459851316138401, 0.3084969317993463], [0.4511367561362601, 0.3193229597939871, -0.8333717505478935]], "t": [[0.9203242060164234], [-0.6209278802696414], [2.6082409233660506]], "K": [[1473.3333333333333, 0.0, 2040.0], [0.0, 1657.5, 1530.0], [0.0, 0.0, 1.0]], "width": 4080, "height": 3060, "other_cameras": [{"id": "camera_0", "visible": true, "pixel_location": [2650.668507751588, 1060.6796575288404]}, {"id": "camera_1", "visible": true, "pixel_location": [3280.681611590652, 997.5810563868827]}, {"id": "camera_2", "visible": true, "pixel_location": [3680.761910677983, 967.4308614906515]}, {"id": "camera_3", "visible": false}, {"id": "camera_4", "visible": false}, {"id": "camera_5", "visible": false}, {"id": "camera_6", "visible": false}, {"id": "camera_7", "visible": false}, {"id": "camera_8", "visible": false}, {"id": "camera_9", "visible": false}, {"id": "camera_10", "visible": false}, {"id": "camera_11", "visible": false}]}];
