const panoramaResults = [{"id": "view_0", "stitched_image": "./results/panorama_0_stitched.jpg", "image_width": 10251, "image_height": 5124, "links": [{"point": [-343.3354797363281, 4797.8203125], "label": "View 2", "id": "view_1"}]}, {"id": "view_1", "stitched_image": "./results/panorama_1_stitched.jpg", "image_width": 10323, "image_height": 5161, "links": [{"point": [5571.77197265625, 2341.11767578125], "label": "View 1", "id": "view_0"}]}];
const cameraLocations = [{"id": "camera_0", "image": "./images/00.jpg", "location": [-0.0662865243436646, -0.08348474956225857, -0.08928703322032323], "R": [[0.9989686519313384, 0.02374417859242934, 0.03870202115465387], [-0.02377348838312828, 0.9997173265039179, 0.00029721701866712265], [-0.03868402394505669, -0.0012169925347926829, 0.9992507519239545]], "t": [[0.0716560253166842], [0.08191182634560758], [0.0865543052705359]], "K": [[1473.3333333333333, 0.0, 2040.0], [0.0, 1657.5, 1530.0], [0.0, 0.0, 1.0]], "width": 4080, "height": 3060, "other_cameras": [{"id": "camera_0", "visible": false}, {"id": "camera_1", "visible": false}, {"id": "camera_2", "visible": false}, {"id": "camera_3", "visible": false}, {"id": "camera_4", "visible": true, "pixel_location": [89.15102535869529, 1410.2399045940301]}, {"id": "camera_5", "visible": true, "pixel_location": [655.8420621168095, 1437.6173434714642]}, {"id": "camera_6", "visible": true, "pixel_location": [1021.9875446211372, 1437.41407670913]}, {"id": "camera_7", "visible": true, "pixel_location": [1373.6665176296356, 1442.4562785150322]}, {"id": "camera_8", "visible": true, "pixel_location": [1533.8694441728724, 1433.089930832137]}, {"id": "camera_9", "visible": true, "pixel_location": [1635.5436131023098, 1418.342626827915]}, {"id": "camera_10", "visible": true, "pixel_location": [1801.354859344398, 1413.2194338117768]}, {"id": "camera_11", "visible": false}]}, {"id": "camera_1", "image": "./images/11.jpg", "location": [-0.9393167534470622, -0.15861848361157674, 0.3933699818154368], "R": [[0.8123208309359213, 0.06132899365599329, -0.5799772600410447], [-0.10220752766764246, 0.994035517344069, -0.03803960497399114], [0.5741850650405691, 0.09017840537319521, 0.8137440422446761]], "t": [[1.0009001218829996], [0.07663080206743002], [0.23354313398629561]], "K": [[1473.3333333333333, 0.0, 2040.0], [0.0, 1657.5, 1530.0], [0.0, 0.0, 1.0]], "width": 4080, "height": 3060, "other_cameras": [{"id": "camera_0", "visible": false}, {"id": "camera_1", "visible": false}, {"id": "camera_2", "visible": false}, {"id": "camera_3", "visible": false}, {"id": "camera_4", "visible": false}, {"id": "camera_5", "visible": false}, {"id": "camera_6", "visible": false}, {"id": "camera_7", "visible": true, "pixel_location": [536.0463921149062, 1381.1190599717822]}, {"id": "camera_8", "visible": true, "pixel_location": [792.6211583621835, 1357.0298841677438]}, {"id": "camera_9", "visible": true, "pixel_location": [889.4444214506084, 1329.8699321429208]}, {"id": "camera_10", "visible": true, "pixel_location": [1140.8434834055608, 1320.3097237759434]}, {"id": "camera_11", "visible": false}]}, {"id": "camera_2", "image": "./images/12.jpg", "location": [-1.2456011230487762, -0.19146050561562739, 0.6074831078827567], "R": [[0.6814185167929496, 0.06825494030688198, -0.7287043763388558], [-0.12848123626411725, 0.9913364020232269, -0.027289374336675644], [0.7205285399619789, 0.11222032412779384, 0.6842844598212882]], "t": [[1.3045193944315434], [0.04634323051948395], [0.503285668235083]], "K": [[1473.3333333333333, 0.0, 2040.0], [0.0, 1657.5, 1530.0], [0.0, 0.0, 1.0]], "width": 4080, "height": 3060, "other_cameras": [{"id": "camera_0", "visible": false}, {"id": "camera_1", "visible": false}, {"id": "camera_2", "visible": false}, {"id": "camera_3", "visible": false}, {"id": "camera_4", "visible": false}, {"id": "camera_5", "visible": false}, {"id": "camera_6", "visible": false}, {"id": "camera_7", "visible": true, "pixel_location": [395.0877859295624, 1393.7904632258112]}, {"id": "camera_8", "visible": true, "pixel_location": [645.9780287221322, 1360.3982445625247]}, {"id": "camera_9", "visible": true, "pixel_location": [702.8075648869251, 1326.6885132383886]}, {"id": "camera_10", "visible": true, "pixel_location": [978.7754390138092, 1313.669750054833]}, {"id": "camera_11", "visible": false}]}, {"id": "camera_3", "image": "./images/13.jpg", "location": [-1.4705150363190187, -0.19935729626455506, 0.815572002305077], "R": [[0.40110172526550386, 0.09631328290054424, -0.9109561776100736], [-0.1507651765324657, 0.9878367335075187, 0.038058500736759864], [0.9035415140070604, 0.12207513862419009, 0.4107437071894274]], "t": [[1.351977227555466], [-0.055809446352021744], [1.018016884156381]], "K": [[1473.3333333333333, 0.0, 2040.0], [0.0, 1657.5, 1530.0], [0.0, 0.0, 1.0]], "width": 4080, "height": 3060, "other_cameras": [{"id": "camera_0", "visible": false}, {"id": "camera_1", "visible": false}, {"id": "camera_2", "visible": false}, {"id": "camera_3", "visible": false}, {"id": "camera_4", "visible": false}, {"id": "camera_5", "visible": false}, {"id": "camera_6", "visible": false}, {"id": "camera_7", "visible": false}, {"id": "camera_8", "visible": false}, {"id": "camera_9", "visible": false}, {"id": "camera_10", "visible": true, "pixel_location": [352.61578127817916, 1373.5635986048198]}, {"id": "camera_11", "visible": false}]}, {"id": "camera_4", "image": "./images/14.jpg", "location": [-2.035430578076175, -0.23538752532039556, 1.2835950707864061], "R": [[0.23143809280891062, 0.09803877849878254, -0.9678971056405947], [-0.15823035769154045, 0.9854549087943993, 0.06198206706644174], [0.9598956001054391, 0.13880569384390676, 0.24358451563005884]], "t": [[1.7365412303198482], [-0.16966299189297945], [1.673810101407051]], "K": [[1473.3333333333333, 0.0, 2040.0], [0.0, 1657.5, 1530.0], [0.0, 0.0, 1.0]], "width": 4080, "height": 3060, "other_cameras": [{"id": "camera_0", "visible": true, "pixel_location": [3721.3124678177846, 1270.3879908216118]}, {"id": "camera_1", "visible": true, "pixel_location": [3995.5636163409044, 1230.297679925996]}, {"id": "camera_2", "visible": false}, {"id": "camera_3", "visible": true, "pixel_location": [4037.0772448796292, 1212.8919040113333]}, {"id": "camera_4", "visible": false}, {"id": "camera_5", "visible": true, "pixel_location": [418.8247023720086, 1527.0200476088453]}, {"id": "camera_6", "visible": true, "pixel_location": [468.80239368685295, 1454.5669385057288]}, {"id": "camera_7", "visible": true, "pixel_location": [758.7754686800507, 1424.9464869552073]}, {"id": "camera_8", "visible": true, "pixel_location": [706.0760254092173, 1396.948359504655]}, {"id": "camera_9", "visible": true, "pixel_location": [492.2006732215164, 1368.3039147165168]}, {"id": "camera_10", "visible": true, "pixel_location": [708.8252698555244, 1350.115584962719]}, {"id": "camera_11", "visible": false}]}, {"id": "camera_5", "image": "./images/15.jpg", "location": [-1.834803171836046, -0.22709604616340498, 1.6556899888725758], "R": [[-0.0645101895821021, 0.14250503187425825, -0.9876896027247618], [-0.1554671171609364, 0.9762311012573778, 0.1510060012697353], [0.985732423592604, 0.163294680955395, -0.040822006931639454]], "t": [[1.5493066161809683], [-0.31357246100777525], [1.91329714199623]], "K": [[1473.3333333333333, 0.0, 2040.0], [0.0, 1657.5, 1530.0], [0.0, 0.0, 1.0]], "width": 4080, "height": 3060, "other_cameras": [{"id": "camera_0", "visible": true, "pixel_location": [3346.5223984214003, 1170.8535031991128]}, {"id": "camera_1", "visible": true, "pixel_location": [3908.1478185549136, 1068.9358585988875]}, {"id": "camera_2", "visible": false}, {"id": "camera_3", "visible": false}, {"id": "camera_4", "visible": false}, {"id": "camera_5", "visible": false}, {"id": "camera_6", "visible": false}, {"id": "camera_7", "visible": false}, {"id": "camera_8", "visible": false}, {"id": "camera_9", "visible": false}, {"id": "camera_10", "visible": false}, {"id": "camera_11", "visible": false}]}, {"id": "camera_6", "image": "./images/16.jpg", "location": [-1.6297999289076581, -0.2413532126904414, 2.000461252151225], "R": [[-0.1740092308436311, 0.1120503948233052, -0.9783483513560747], [-0.1553945880576318, 0.9779329328965335, 0.13964132897814643], [0.9724059386817867, 0.17632891928531017, -0.1527573325247196]], "t": [[1.7005914587094701], [-0.2965819012382829], [1.9329698055903854]], "K": [[1473.3333333333333, 0.0, 2040.0], [0.0, 1657.5, 1530.0], [0.0, 0.0, 1.0]], "width": 4080, "height": 3060, "other_cameras": [{"id": "camera_0", "visible": true, "pixel_location": [3452.342080822578, 1192.3705233658725]}, {"id": "camera_1", "visible": false}, {"id": "camera_2", "visible": false}, {"id": "camera_3", "visible": false}, {"id": "camera_4", "visible": false}, {"id": "camera_5", "visible": false}, {"id": "camera_6", "visible": false}, {"id": "camera_7", "visible": false}, {"id": "camera_8", "visible": false}, {"id": "camera_9", "visible": false}, {"id": "camera_10", "visible": false}, {"id": "camera_11", "visible": false}]}, {"id": "camera_7", "image": "./images/17.jpg", "location": [-1.2800128202335093, -0.24414258412737416, 2.3463094181493753], "R": [[-0.5760784415961356, 0.11571318811900777, -0.8091625839245801], [-0.11106608482994862, 0.969667038668904, 0.2177387400524428], [0.80981353034431, 0.2153051142319051, -0.5457524657359524]], "t": [[1.1894085175381233], [-0.4163114523927369], [2.3696409981382]], "K": [[1473.3333333333333, 0.0, 2040.0], [0.0, 1657.5, 1530.0], [0.0, 0.0, 1.0]], "width": 4080, "height": 3060, "other_cameras": [{"id": "camera_0", "visible": true, "pixel_location": [2850.0124101731217, 1170.2478253964323]}, {"id": "camera_1", "visible": true, "pixel_location": [3549.8797903213035, 1066.7500072678563]}, {"id": "camera_2", "visible": false}, {"id": "camera_3", "visible": false}, {"id": "camera_4", "visible": false}, {"id": "camera_5", "visible": false}, {"id": "camera_6", "visible": false}, {"id": "camera_7", "visible": false}, {"id": "camera_8", "visible": false}, {"id": "camera_9", "visible": false}, {"id": "camera_10", "visible": false}, {"id": "camera_11", "visible": false}]}, {"id": "camera_8", "image": "./images/18.jpg", "location": [-1.1150300248308052, -0.2704413770324652, 2.6284138316271095], "R": [[-0.9390128704968567, 0.056927721946250565, -0.33913723404436735], [-0.047286024502739485, 0.9554591161512497, 0.2913106747961684], [0.3406154149887817, 0.2895809245055397, -0.894496521644739]], "t": [[-0.1402389360101149], [-0.5600146649401496], [2.8092181084516787]], "K": [[1473.3333333333333, 0.0, 2040.0], [0.0, 1657.5, 1530.0], [0.0, 0.0, 1.0]], "width": 4080, "height": 3060, "other_cameras": [{"id": "camera_0", "visible": true, "pixel_location": [2012.8034895490846, 1143.572979155089]}, {"id": "camera_1", "visible": true, "pixel_location": [2462.214849701161, 1092.0948606933146]}, {"id": "camera_2", "visible": true, "pixel_location": [2710.1982994354335, 1059.4318327254578]}, {"id": "camera_3", "visible": true, "pixel_location": [2962.749049163605, 1046.8632945209472]}, {"id": "camera_4", "visible": false}, {"id": "camera_5", "visible": false}, {"id": "camera_6", "visible": false}, {"id": "camera_7", "visible": true, "pixel_location": [3862.783792041629, 1129.3651356467954]}, {"id": "camera_8", "visible": false}, {"id": "camera_9", "visible": false}, {"id": "camera_10", "visible": false}, {"id": "camera_11", "visible": false}]}, {"id": "camera_9", "image": "./images/19.jpg", "location": [-1.0371589059475355, -0.3176321865983542, 2.993775010086631], "R": [[-0.9998738891401823, -0.00034180475381777103, 0.01587731038925312], [0.0035975831247569757, 0.9689025987080215, 0.24741627192346094], [-0.015468135354556519, 0.24744218998859868, -0.9687791798972041]], "t": [[-1.0846697722082186], [-0.42922273556707097], [2.962859588589854]], "K": [[1473.3333333333333, 0.0, 2040.0], [0.0, 1657.5, 1530.0], [0.0, 0.0, 1.0]], "width": 4080, "height": 3060, "other_cameras": [{"id": "camera_0", "visible": true, "pixel_location": [1544.088299844103, 1238.7127583394965]}, {"id": "camera_1", "visible": true, "pixel_location": [1959.8114857805358, 1213.0513320534365]}, {"id": "camera_2", "visible": true, "pixel_location": [2147.057122976546, 1198.7384975783964]}, {"id": "camera_3", "visible": true, "pixel_location": [2313.6898604317926, 1201.0859718820354]}, {"id": "camera_4", "visible": true, "pixel_location": [2885.192214525164, 1190.1616113173234]}, {"id": "camera_5", "visible": true, "pixel_location": [2899.2474510805014, 1223.4014131858041]}, {"id": "camera_6", "visible": true, "pixel_location": [2898.059037136078, 1238.8043047047834]}, {"id": "camera_7", "visible": true, "pixel_location": [2567.6970329891146, 1300.5643274533122]}, {"id": "camera_8", "visible": true, "pixel_location": [2329.3532698478552, 1326.8850296704995]}, {"id": "camera_9", "visible": false}, {"id": "camera_10", "visible": false}, {"id": "camera_11", "visible": true, "pixel_location": [2981.1092398345004, 2465.1556424417154]}]}, {"id": "camera_10", "image": "./images/20.jpg", "location": [-0.7218124851690153, -0.3324130123158341, 3.1846149160364368], "R": [[-0.9889651899377461, 0.014834280462578526, 0.1474035183248879], [0.05580434340904436, 0.9589893040758397, 0.2778945662024034], [-0.13723603152264152, 0.28305380900333077, -0.9492348565347896]], "t": [[-1.1783397567741962], [-0.525926385467826], [3.0179795712725745]], "K": [[1473.3333333333333, 0.0, 2040.0], [0.0, 1657.5, 1530.0], [0.0, 0.0, 1.0]], "width": 4080, "height": 3060, "other_cameras": [{"id": "camera_0", "visible": true, "pixel_location": [1502.237487423406, 1189.45154203347]}, {"id": "camera_1", "visible": true, "pixel_location": [1935.3786492511786, 1152.682903432457]}, {"id": "camera_2", "visible": true, "pixel_location": [2120.7607866140997, 1134.6047209511696]}, {"id": "camera_3", "visible": true, "pixel_location": [2282.4790784250827, 1132.810057791865]}, {"id": "camera_4", "visible": true, "pixel_location": [2787.076902883293, 1111.1120039143095]}, {"id": "camera_5", "visible": true, "pixel_location": [2830.746024104033, 1138.4237505223753]}, {"id": "camera_6", "visible": true, "pixel_location": [2877.891378880212, 1149.689615868968]}, {"id": "camera_7", "visible": true, "pixel_location": [2745.6534947288715, 1198.5142346536409]}, {"id": "camera_8", "visible": true, "pixel_location": [2796.516672704028, 1206.2852583201027]}, {"id": "camera_9", "visible": true, "pixel_location": [3870.000088675902, 1120.676390464692]}, {"id": "camera_10", "visible": false}, {"id": "camera_11", "visible": true, "pixel_location": [2860.548130302159, 2182.8169274778747]}]}, {"id": "camera_11", "image": "./images/21.jpg", "location": [-2.455477634700395, 1.4089957118758423, 1.2124024683022563], "R": [[-0.05434710540865248, -0.11907795985564258, -0.9913964048806708], [0.2716683585170029, 0.9536469663133784, -0.1294363419676557], [0.9608551894611269, -0.27636552447421636, -0.01947823831133884]], "t": [[1.236303681317181], [-0.5196799672950855], [2.7723717310089433]], "K": [[1473.3333333333333, 0.0, 2040.0], [0.0, 1657.5, 1530.0], [0.0, 0.0, 1.0]], "width": 4080, "height": 3060, "other_cameras": [{"id": "camera_0", "visible": true, "pixel_location": [2761.3702974872253, 1162.6954493400674]}, {"id": "camera_1", "visible": true, "pixel_location": [2748.263448262478, 680.3394208064782]}, {"id": "camera_2", "visible": true, "pixel_location": [2700.326252035624, 382.40250038805164]}, {"id": "camera_3", "visible": true, "pixel_location": [2599.7894411972925, 90.29064544802101]}, {"id": "camera_4", "visible": false}, {"id": "camera_5", "visible": false}, {"id": "camera_6", "visible": false}, {"id": "camera_7", "visible": true, "pixel_location": [1106.4182892747363, 42.35006178711442]}, {"id": "camera_8", "visible": true, "pixel_location": [949.272374514029, 164.50747310495046]}, {"id": "camera_9", "visible": true, "pixel_location": [703.5770194446782, 160.2686395411739]}, {"id": "camera_10", "visible": true, "pixel_location": [752.9079703296525, 394.17464920294884]}, {"id": "camera_11", "visible": false}]}];
